9 0 2 00000 00000000 0
25 4 3 00000 00000000 0
26 4 3 00001 00000000 0
27 4 3 00002 00000000 0
28 4 3 00003 00000000 0
29 1 2 00000 00000000 0
30 0 3 00000 00000001 0
31 0 3 00001 00000000 0
32 0 3 00002 00000000 0
33 0 3 00003 00000000 0
34 2 2 00000 00000000 0
35 1 3 00000 00000002 0
36 1 3 00001 00000000 0
37 1 3 00002 00000000 0
38 1 3 00003 00000000 0
39 3 2 00000 00000000 0
40 2 3 00000 00000003 0
41 2 3 00001 00000000 0
42 2 3 00002 00000000 0
43 2 3 00003 00000000 0
44 0 2 00000 00000000 0
45 3 3 00000 00000004 0
46 3 3 00001 00000000 0
47 3 3 00002 00000000 0
48 3 3 00003 00000000 0
49 1 2 00000 00000000 0
50 0 3 00000 00000005 0
51 0 3 00001 00000000 0
52 0 3 00002 00000000 0
53 0 3 00003 00000000 0
54 2 2 00000 00000000 0
55 1 3 00000 00000006 0
56 1 3 00001 00000000 0
57 1 3 00002 00000000 0
58 1 3 00003 00000000 0
59 3 2 00000 00000000 0
60 2 3 00000 00000007 0
61 2 3 00001 00000000 0
62 2 3 00002 00000000 0
63 2 3 00003 00000000 0
64 0 2 00000 00000000 0
65 3 3 00000 00000008 0
66 3 3 00001 00000000 0
67 3 3 00002 00000000 0
68 3 3 00003 00000000 0
69 1 2 00000 00000000 0
70 0 3 00000 00000009 0
71 0 3 00001 00000000 0
72 0 3 00002 00000000 0
73 0 3 00003 00000000 0
74 2 2 00000 00000000 0
75 1 3 00000 0000000A 0
76 1 3 00001 00000000 0
77 1 3 00002 00000000 0
78 1 3 00003 00000000 0
79 3 2 00000 00000000 0
80 2 3 00000 0000000B 0
81 2 3 00001 00000000 0
82 2 3 00002 00000000 0
83 2 3 00003 00000000 0
84 0 2 00000 00000000 0
85 3 3 00000 0000000C 0
86 3 3 00001 00000000 0
87 3 3 00002 00000000 0
88 3 3 00003 00000000 0
89 1 2 00000 00000000 0
90 0 3 00000 0000000D 0
91 0 3 00001 00000000 0
92 0 3 00002 00000000 0
93 0 3 00003 00000000 0
94 2 2 00000 00000000 0
95 1 3 00000 0000000E 0
96 1 3 00001 00000000 0
97 1 3 00002 00000000 0
98 1 3 00003 00000000 0
99 3 2 00000 00000000 0
100 2 3 00000 0000000F 0
101 2 3 00001 00000000 0
102 2 3 00002 00000000 0
103 2 3 00003 00000000 0
104 0 2 00000 00000000 0
105 3 3 00000 00000010 0
106 3 3 00001 00000000 0
107 3 3 00002 00000000 0
108 3 3 00003 00000000 0
109 1 2 00000 00000000 0
110 0 3 00000 00000011 0
111 0 3 00001 00000000 0
112 0 3 00002 00000000 0
113 0 3 00003 00000000 0
114 2 2 00000 00000000 0
115 1 3 00000 00000012 0
116 1 3 00001 00000000 0
117 1 3 00002 00000000 0
118 1 3 00003 00000000 0
119 3 2 00000 00000000 0
120 2 3 00000 00000013 0
121 2 3 00001 00000000 0
122 2 3 00002 00000000 0
123 2 3 00003 00000000 0
124 0 2 00000 00000000 0
125 3 3 00000 00000014 0
126 3 3 00001 00000000 0
127 3 3 00002 00000000 0
128 3 3 00003 00000000 0
129 1 2 00000 00000000 0
130 0 3 00000 00000015 0
131 0 3 00001 00000000 0
132 0 3 00002 00000000 0
133 0 3 00003 00000000 0
134 2 2 00000 00000000 0
135 1 3 00000 00000016 0
136 1 3 00001 00000000 0
137 1 3 00002 00000000 0
138 1 3 00003 00000000 0
139 3 2 00000 00000000 0
140 2 3 00000 00000017 0
141 2 3 00001 00000000 0
142 2 3 00002 00000000 0
143 2 3 00003 00000000 0
144 0 2 00000 00000000 0
145 3 3 00000 00000018 0
146 3 3 00001 00000000 0
147 3 3 00002 00000000 0
148 3 3 00003 00000000 0
149 1 2 00000 00000000 0
150 0 3 00000 00000019 0
151 0 3 00001 00000000 0
152 0 3 00002 00000000 0
153 0 3 00003 00000000 0
154 2 2 00000 00000000 0
155 1 3 00000 0000001A 0
156 1 3 00001 00000000 0
157 1 3 00002 00000000 0
158 1 3 00003 00000000 0
159 3 2 00000 00000000 0
160 2 3 00000 0000001B 0
161 2 3 00001 00000000 0
162 2 3 00002 00000000 0
163 2 3 00003 00000000 0
164 0 2 00000 00000000 0
165 3 3 00000 0000001C 0
166 3 3 00001 00000000 0
167 3 3 00002 00000000 0
168 3 3 00003 00000000 0
169 1 2 00000 00000000 0
170 0 3 00000 0000001D 0
171 0 3 00001 00000000 0
172 0 3 00002 00000000 0
173 0 3 00003 00000000 0
174 2 2 00000 00000000 0
175 1 3 00000 0000001E 0
176 1 3 00001 00000000 0
177 1 3 00002 00000000 0
178 1 3 00003 00000000 0
179 3 2 00000 00000000 0
180 2 3 00000 0000001F 0
181 2 3 00001 00000000 0
182 2 3 00002 00000000 0
183 2 3 00003 00000000 0
184 0 2 00000 00000000 0
185 3 3 00000 00000020 0
186 3 3 00001 00000000 0
187 3 3 00002 00000000 0
188 3 3 00003 00000000 0
189 1 2 00000 00000000 0
190 0 3 00000 00000021 0
191 0 3 00001 00000000 0
192 0 3 00002 00000000 0
193 0 3 00003 00000000 0
194 2 2 00000 00000000 0
195 1 3 00000 00000022 0
196 1 3 00001 00000000 0
197 1 3 00002 00000000 0
198 1 3 00003 00000000 0
199 3 2 00000 00000000 0
200 2 3 00000 00000023 0
201 2 3 00001 00000000 0
202 2 3 00002 00000000 0
203 2 3 00003 00000000 0
204 0 2 00000 00000000 0
205 3 3 00000 00000024 0
206 3 3 00001 00000000 0
207 3 3 00002 00000000 0
208 3 3 00003 00000000 0
209 1 2 00000 00000000 0
210 0 3 00000 00000025 0
211 0 3 00001 00000000 0
212 0 3 00002 00000000 0
213 0 3 00003 00000000 0
214 2 2 00000 00000000 0
215 1 3 00000 00000026 0
216 1 3 00001 00000000 0
217 1 3 00002 00000000 0
218 1 3 00003 00000000 0
219 3 2 00000 00000000 0
220 2 3 00000 00000027 0
221 2 3 00001 00000000 0
222 2 3 00002 00000000 0
223 2 3 00003 00000000 0
224 0 2 00000 00000000 0
225 3 3 00000 00000028 0
226 3 3 00001 00000000 0
227 3 3 00002 00000000 0
228 3 3 00003 00000000 0
229 1 2 00000 00000000 0
230 0 3 00000 00000029 0
231 0 3 00001 00000000 0
232 0 3 00002 00000000 0
233 0 3 00003 00000000 0
234 2 2 00000 00000000 0
235 1 3 00000 0000002A 0
236 1 3 00001 00000000 0
237 1 3 00002 00000000 0
238 1 3 00003 00000000 0
239 3 2 00000 00000000 0
240 2 3 00000 0000002B 0
241 2 3 00001 00000000 0
242 2 3 00002 00000000 0
243 2 3 00003 00000000 0
244 0 2 00000 00000000 0
245 3 3 00000 0000002C 0
246 3 3 00001 00000000 0
247 3 3 00002 00000000 0
248 3 3 00003 00000000 0
249 1 2 00000 00000000 0
250 0 3 00000 0000002D 0
251 0 3 00001 00000000 0
252 0 3 00002 00000000 0
253 0 3 00003 00000000 0
254 2 2 00000 00000000 0
255 1 3 00000 0000002E 0
256 1 3 00001 00000000 0
257 1 3 00002 00000000 0
258 1 3 00003 00000000 0
259 3 2 00000 00000000 0
260 2 3 00000 0000002F 0
261 2 3 00001 00000000 0
262 2 3 00002 00000000 0
263 2 3 00003 00000000 0
264 0 2 00000 00000000 0
265 3 3 00000 00000030 0
266 3 3 00001 00000000 0
267 3 3 00002 00000000 0
268 3 3 00003 00000000 0
269 1 2 00000 00000000 0
270 0 3 00000 00000031 0
271 0 3 00001 00000000 0
272 0 3 00002 00000000 0
273 0 3 00003 00000000 0
274 2 2 00000 00000000 0
275 1 3 00000 00000032 0
276 1 3 00001 00000000 0
277 1 3 00002 00000000 0
278 1 3 00003 00000000 0
279 3 2 00000 00000000 0
280 2 3 00000 00000033 0
281 2 3 00001 00000000 0
282 2 3 00002 00000000 0
283 2 3 00003 00000000 0
284 0 2 00000 00000000 0
285 3 3 00000 00000034 0
286 3 3 00001 00000000 0
287 3 3 00002 00000000 0
288 3 3 00003 00000000 0
289 1 2 00000 00000000 0
290 0 3 00000 00000035 0
291 0 3 00001 00000000 0
292 0 3 00002 00000000 0
293 0 3 00003 00000000 0
294 2 2 00000 00000000 0
295 1 3 00000 00000036 0
296 1 3 00001 00000000 0
297 1 3 00002 00000000 0
298 1 3 00003 00000000 0
299 3 2 00000 00000000 0
300 2 3 00000 00000037 0
301 2 3 00001 00000000 0
302 2 3 00002 00000000 0
303 2 3 00003 00000000 0
304 0 2 00000 00000000 0
305 3 3 00000 00000038 0
306 3 3 00001 00000000 0
307 3 3 00002 00000000 0
308 3 3 00003 00000000 0
309 1 2 00000 00000000 0
310 0 3 00000 00000039 0
311 0 3 00001 00000000 0
312 0 3 00002 00000000 0
313 0 3 00003 00000000 0
314 2 2 00000 00000000 0
315 1 3 00000 0000003A 0
316 1 3 00001 00000000 0
317 1 3 00002 00000000 0
318 1 3 00003 00000000 0
319 3 2 00000 00000000 0
320 2 3 00000 0000003B 0
321 2 3 00001 00000000 0
322 2 3 00002 00000000 0
323 2 3 00003 00000000 0
324 0 2 00000 00000000 0
325 3 3 00000 0000003C 0
326 3 3 00001 00000000 0
327 3 3 00002 00000000 0
328 3 3 00003 00000000 0
329 1 2 00000 00000000 0
330 0 3 00000 0000003D 0
331 0 3 00001 00000000 0
332 0 3 00002 00000000 0
333 0 3 00003 00000000 0
334 2 2 00000 00000000 0
335 1 3 00000 0000003E 0
336 1 3 00001 00000000 0
337 1 3 00002 00000000 0
338 1 3 00003 00000000 0
339 3 2 00000 00000000 0
340 2 3 00000 0000003F 0
341 2 3 00001 00000000 0
342 2 3 00002 00000000 0
343 2 3 00003 00000000 0
344 0 2 00000 00000000 0
345 3 3 00000 00000040 0
346 3 3 00001 00000000 0
347 3 3 00002 00000000 0
348 3 3 00003 00000000 0
349 1 2 00000 00000000 0
350 0 3 00000 00000041 0
351 0 3 00001 00000000 0
352 0 3 00002 00000000 0
353 0 3 00003 00000000 0
354 2 2 00000 00000000 0
355 1 3 00000 00000042 0
356 1 3 00001 00000000 0
357 1 3 00002 00000000 0
358 1 3 00003 00000000 0
359 3 2 00000 00000000 0
360 2 3 00000 00000043 0
361 2 3 00001 00000000 0
362 2 3 00002 00000000 0
363 2 3 00003 00000000 0
364 0 2 00000 00000000 0
365 3 3 00000 00000044 0
366 3 3 00001 00000000 0
367 3 3 00002 00000000 0
368 3 3 00003 00000000 0
369 1 2 00000 00000000 0
370 0 3 00000 00000045 0
371 0 3 00001 00000000 0
372 0 3 00002 00000000 0
373 0 3 00003 00000000 0
374 2 2 00000 00000000 0
375 1 3 00000 00000046 0
376 1 3 00001 00000000 0
377 1 3 00002 00000000 0
378 1 3 00003 00000000 0
379 3 2 00000 00000000 0
380 2 3 00000 00000047 0
381 2 3 00001 00000000 0
382 2 3 00002 00000000 0
383 2 3 00003 00000000 0
384 0 2 00000 00000000 0
385 3 3 00000 00000048 0
386 3 3 00001 00000000 0
387 3 3 00002 00000000 0
388 3 3 00003 00000000 0
389 1 2 00000 00000000 0
390 0 3 00000 00000049 0
391 0 3 00001 00000000 0
392 0 3 00002 00000000 0
393 0 3 00003 00000000 0
394 2 2 00000 00000000 0
395 1 3 00000 0000004A 0
396 1 3 00001 00000000 0
397 1 3 00002 00000000 0
398 1 3 00003 00000000 0
399 3 2 00000 00000000 0
400 2 3 00000 0000004B 0
401 2 3 00001 00000000 0
402 2 3 00002 00000000 0
403 2 3 00003 00000000 0
404 0 2 00000 00000000 0
405 3 3 00000 0000004C 0
406 3 3 00001 00000000 0
407 3 3 00002 00000000 0
408 3 3 00003 00000000 0
409 1 2 00000 00000000 0
410 0 3 00000 0000004D 0
411 0 3 00001 00000000 0
412 0 3 00002 00000000 0
413 0 3 00003 00000000 0
414 2 2 00000 00000000 0
415 1 3 00000 0000004E 0
416 1 3 00001 00000000 0
417 1 3 00002 00000000 0
418 1 3 00003 00000000 0
419 3 2 00000 00000000 0
420 2 3 00000 0000004F 0
421 2 3 00001 00000000 0
422 2 3 00002 00000000 0
423 2 3 00003 00000000 0
424 0 2 00000 00000000 0
425 3 3 00000 00000050 0
426 3 3 00001 00000000 0
427 3 3 00002 00000000 0
428 3 3 00003 00000000 0
429 1 2 00000 00000000 0
430 0 3 00000 00000051 0
431 0 3 00001 00000000 0
432 0 3 00002 00000000 0
433 0 3 00003 00000000 0
434 2 2 00000 00000000 0
435 1 3 00000 00000052 0
436 1 3 00001 00000000 0
437 1 3 00002 00000000 0
438 1 3 00003 00000000 0
439 3 2 00000 00000000 0
440 2 3 00000 00000053 0
441 2 3 00001 00000000 0
442 2 3 00002 00000000 0
443 2 3 00003 00000000 0
444 0 2 00000 00000000 0
445 3 3 00000 00000054 0
446 3 3 00001 00000000 0
447 3 3 00002 00000000 0
448 3 3 00003 00000000 0
449 1 2 00000 00000000 0
450 0 3 00000 00000055 0
451 0 3 00001 00000000 0
452 0 3 00002 00000000 0
453 0 3 00003 00000000 0
454 2 2 00000 00000000 0
455 1 3 00000 00000056 0
456 1 3 00001 00000000 0
457 1 3 00002 00000000 0
458 1 3 00003 00000000 0
459 3 2 00000 00000000 0
460 2 3 00000 00000057 0
461 2 3 00001 00000000 0
462 2 3 00002 00000000 0
463 2 3 00003 00000000 0
464 0 2 00000 00000000 0
465 3 3 00000 00000058 0
466 3 3 00001 00000000 0
467 3 3 00002 00000000 0
468 3 3 00003 00000000 0
469 1 2 00000 00000000 0
470 0 3 00000 00000059 0
471 0 3 00001 00000000 0
472 0 3 00002 00000000 0
473 0 3 00003 00000000 0
474 2 2 00000 00000000 0
475 1 3 00000 0000005A 0
476 1 3 00001 00000000 0
477 1 3 00002 00000000 0
478 1 3 00003 00000000 0
479 3 2 00000 00000000 0
480 2 3 00000 0000005B 0
481 2 3 00001 00000000 0
482 2 3 00002 00000000 0
483 2 3 00003 00000000 0
484 0 2 00000 00000000 0
485 3 3 00000 0000005C 0
486 3 3 00001 00000000 0
487 3 3 00002 00000000 0
488 3 3 00003 00000000 0
489 1 2 00000 00000000 0
490 0 3 00000 0000005D 0
491 0 3 00001 00000000 0
492 0 3 00002 00000000 0
493 0 3 00003 00000000 0
494 2 2 00000 00000000 0
495 1 3 00000 0000005E 0
496 1 3 00001 00000000 0
497 1 3 00002 00000000 0
498 1 3 00003 00000000 0
499 3 2 00000 00000000 0
500 2 3 00000 0000005F 0
501 2 3 00001 00000000 0
502 2 3 00002 00000000 0
503 2 3 00003 00000000 0
504 0 2 00000 00000000 0
505 3 3 00000 00000060 0
506 3 3 00001 00000000 0
507 3 3 00002 00000000 0
508 3 3 00003 00000000 0
509 1 2 00000 00000000 0
510 0 3 00000 00000061 0
511 0 3 00001 00000000 0
512 0 3 00002 00000000 0
513 0 3 00003 00000000 0
514 2 2 00000 00000000 0
515 1 3 00000 00000062 0
516 1 3 00001 00000000 0
517 1 3 00002 00000000 0
518 1 3 00003 00000000 0
519 3 2 00000 00000000 0
520 2 3 00000 00000063 0
521 2 3 00001 00000000 0
522 2 3 00002 00000000 0
523 2 3 00003 00000000 0
524 0 2 00000 00000000 0
525 3 3 00000 00000064 0
526 3 3 00001 00000000 0
527 3 3 00002 00000000 0
528 3 3 00003 00000000 0
529 1 2 00000 00000000 0
530 0 3 00000 00000065 0
531 0 3 00001 00000000 0
532 0 3 00002 00000000 0
533 0 3 00003 00000000 0
534 2 2 00000 00000000 0
535 1 3 00000 00000066 0
536 1 3 00001 00000000 0
537 1 3 00002 00000000 0
538 1 3 00003 00000000 0
539 3 2 00000 00000000 0
540 2 3 00000 00000067 0
541 2 3 00001 00000000 0
542 2 3 00002 00000000 0
543 2 3 00003 00000000 0
544 0 2 00000 00000000 0
545 3 3 00000 00000068 0
546 3 3 00001 00000000 0
547 3 3 00002 00000000 0
548 3 3 00003 00000000 0
549 1 2 00000 00000000 0
550 0 3 00000 00000069 0
551 0 3 00001 00000000 0
552 0 3 00002 00000000 0
553 0 3 00003 00000000 0
554 2 2 00000 00000000 0
555 1 3 00000 0000006A 0
556 1 3 00001 00000000 0
557 1 3 00002 00000000 0
558 1 3 00003 00000000 0
559 3 2 00000 00000000 0
560 2 3 00000 0000006B 0
561 2 3 00001 00000000 0
562 2 3 00002 00000000 0
563 2 3 00003 00000000 0
564 0 2 00000 00000000 0
565 3 3 00000 0000006C 0
566 3 3 00001 00000000 0
567 3 3 00002 00000000 0
568 3 3 00003 00000000 0
569 1 2 00000 00000000 0
570 0 3 00000 0000006D 0
571 0 3 00001 00000000 0
572 0 3 00002 00000000 0
573 0 3 00003 00000000 0
574 2 2 00000 00000000 0
575 1 3 00000 0000006E 0
576 1 3 00001 00000000 0
577 1 3 00002 00000000 0
578 1 3 00003 00000000 0
579 3 2 00000 00000000 0
580 2 3 00000 0000006F 0
581 2 3 00001 00000000 0
582 2 3 00002 00000000 0
583 2 3 00003 00000000 0
584 0 2 00000 00000000 0
585 3 3 00000 00000070 0
586 3 3 00001 00000000 0
587 3 3 00002 00000000 0
588 3 3 00003 00000000 0
589 1 2 00000 00000000 0
590 0 3 00000 00000071 0
591 0 3 00001 00000000 0
592 0 3 00002 00000000 0
593 0 3 00003 00000000 0
594 2 2 00000 00000000 0
595 1 3 00000 00000072 0
596 1 3 00001 00000000 0
597 1 3 00002 00000000 0
598 1 3 00003 00000000 0
599 3 2 00000 00000000 0
600 2 3 00000 00000073 0
601 2 3 00001 00000000 0
602 2 3 00002 00000000 0
603 2 3 00003 00000000 0
604 0 2 00000 00000000 0
605 3 3 00000 00000074 0
606 3 3 00001 00000000 0
607 3 3 00002 00000000 0
608 3 3 00003 00000000 0
609 1 2 00000 00000000 0
610 0 3 00000 00000075 0
611 0 3 00001 00000000 0
612 0 3 00002 00000000 0
613 0 3 00003 00000000 0
614 2 2 00000 00000000 0
615 1 3 00000 00000076 0
616 1 3 00001 00000000 0
617 1 3 00002 00000000 0
618 1 3 00003 00000000 0
619 3 2 00000 00000000 0
620 2 3 00000 00000077 0
621 2 3 00001 00000000 0
622 2 3 00002 00000000 0
623 2 3 00003 00000000 0
624 0 2 00000 00000000 0
625 3 3 00000 00000078 0
626 3 3 00001 00000000 0
627 3 3 00002 00000000 0
628 3 3 00003 00000000 0
629 1 2 00000 00000000 0
630 0 3 00000 00000079 0
631 0 3 00001 00000000 0
632 0 3 00002 00000000 0
633 0 3 00003 00000000 0
634 2 2 00000 00000000 0
635 1 3 00000 0000007A 0
636 1 3 00001 00000000 0
637 1 3 00002 00000000 0
638 1 3 00003 00000000 0
639 3 2 00000 00000000 0
640 2 3 00000 0000007B 0
641 2 3 00001 00000000 0
642 2 3 00002 00000000 0
643 2 3 00003 00000000 0
644 0 2 00000 00000000 0
645 3 3 00000 0000007C 0
646 3 3 00001 00000000 0
647 3 3 00002 00000000 0
648 3 3 00003 00000000 0
649 1 2 00000 00000000 0
650 0 3 00000 0000007D 0
651 0 3 00001 00000000 0
652 0 3 00002 00000000 0
653 0 3 00003 00000000 0
654 2 2 00000 00000000 0
655 1 3 00000 0000007E 0
656 1 3 00001 00000000 0
657 1 3 00002 00000000 0
658 1 3 00003 00000000 0
659 3 2 00000 00000000 0
660 2 3 00000 0000007F 0
661 2 3 00001 00000000 0
662 2 3 00002 00000000 0
663 2 3 00003 00000000 0
664 0 2 00000 00000000 0
665 3 3 00000 00000080 0
666 3 3 00001 00000000 0
667 3 3 00002 00000000 0
668 3 3 00003 00000000 0
669 1 2 00000 00000000 0
670 0 3 00000 00000081 0
671 0 3 00001 00000000 0
672 0 3 00002 00000000 0
673 0 3 00003 00000000 0
674 2 2 00000 00000000 0
675 1 3 00000 00000082 0
676 1 3 00001 00000000 0
677 1 3 00002 00000000 0
678 1 3 00003 00000000 0
679 3 2 00000 00000000 0
680 2 3 00000 00000083 0
681 2 3 00001 00000000 0
682 2 3 00002 00000000 0
683 2 3 00003 00000000 0
684 0 2 00000 00000000 0
685 3 3 00000 00000084 0
686 3 3 00001 00000000 0
687 3 3 00002 00000000 0
688 3 3 00003 00000000 0
689 1 2 00000 00000000 0
690 0 3 00000 00000085 0
691 0 3 00001 00000000 0
692 0 3 00002 00000000 0
693 0 3 00003 00000000 0
694 2 2 00000 00000000 0
695 1 3 00000 00000086 0
696 1 3 00001 00000000 0
697 1 3 00002 00000000 0
698 1 3 00003 00000000 0
699 3 2 00000 00000000 0
700 2 3 00000 00000087 0
701 2 3 00001 00000000 0
702 2 3 00002 00000000 0
703 2 3 00003 00000000 0
704 0 2 00000 00000000 0
705 3 3 00000 00000088 0
706 3 3 00001 00000000 0
707 3 3 00002 00000000 0
708 3 3 00003 00000000 0
709 1 2 00000 00000000 0
710 0 3 00000 00000089 0
711 0 3 00001 00000000 0
712 0 3 00002 00000000 0
713 0 3 00003 00000000 0
714 2 2 00000 00000000 0
715 1 3 00000 0000008A 0
716 1 3 00001 00000000 0
717 1 3 00002 00000000 0
718 1 3 00003 00000000 0
719 3 2 00000 00000000 0
720 2 3 00000 0000008B 0
721 2 3 00001 00000000 0
722 2 3 00002 00000000 0
723 2 3 00003 00000000 0
724 0 2 00000 00000000 0
725 3 3 00000 0000008C 0
726 3 3 00001 00000000 0
727 3 3 00002 00000000 0
728 3 3 00003 00000000 0
729 1 2 00000 00000000 0
730 0 3 00000 0000008D 0
731 0 3 00001 00000000 0
732 0 3 00002 00000000 0
733 0 3 00003 00000000 0
734 2 2 00000 00000000 0
735 1 3 00000 0000008E 0
736 1 3 00001 00000000 0
737 1 3 00002 00000000 0
738 1 3 00003 00000000 0
739 3 2 00000 00000000 0
740 2 3 00000 0000008F 0
741 2 3 00001 00000000 0
742 2 3 00002 00000000 0
743 2 3 00003 00000000 0
744 0 2 00000 00000000 0
745 3 3 00000 00000090 0
746 3 3 00001 00000000 0
747 3 3 00002 00000000 0
748 3 3 00003 00000000 0
749 1 2 00000 00000000 0
750 0 3 00000 00000091 0
751 0 3 00001 00000000 0
752 0 3 00002 00000000 0
753 0 3 00003 00000000 0
754 2 2 00000 00000000 0
755 1 3 00000 00000092 0
756 1 3 00001 00000000 0
757 1 3 00002 00000000 0
758 1 3 00003 00000000 0
759 3 2 00000 00000000 0
760 2 3 00000 00000093 0
761 2 3 00001 00000000 0
762 2 3 00002 00000000 0
763 2 3 00003 00000000 0
764 0 2 00000 00000000 0
765 3 3 00000 00000094 0
766 3 3 00001 00000000 0
767 3 3 00002 00000000 0
768 3 3 00003 00000000 0
769 1 2 00000 00000000 0
770 0 3 00000 00000095 0
771 0 3 00001 00000000 0
772 0 3 00002 00000000 0
773 0 3 00003 00000000 0
774 2 2 00000 00000000 0
775 1 3 00000 00000096 0
776 1 3 00001 00000000 0
777 1 3 00002 00000000 0
778 1 3 00003 00000000 0
779 3 2 00000 00000000 0
780 2 3 00000 00000097 0
781 2 3 00001 00000000 0
782 2 3 00002 00000000 0
783 2 3 00003 00000000 0
784 0 2 00000 00000000 0
785 3 3 00000 00000098 0
786 3 3 00001 00000000 0
787 3 3 00002 00000000 0
788 3 3 00003 00000000 0
789 1 2 00000 00000000 0
790 0 3 00000 00000099 0
791 0 3 00001 00000000 0
792 0 3 00002 00000000 0
793 0 3 00003 00000000 0
794 2 2 00000 00000000 0
795 1 3 00000 0000009A 0
796 1 3 00001 00000000 0
797 1 3 00002 00000000 0
798 1 3 00003 00000000 0
799 3 2 00000 00000000 0
800 2 3 00000 0000009B 0
801 2 3 00001 00000000 0
802 2 3 00002 00000000 0
803 2 3 00003 00000000 0
804 0 2 00000 00000000 0
805 3 3 00000 0000009C 0
806 3 3 00001 00000000 0
807 3 3 00002 00000000 0
808 3 3 00003 00000000 0
809 1 2 00000 00000000 0
810 0 3 00000 0000009D 0
811 0 3 00001 00000000 0
812 0 3 00002 00000000 0
813 0 3 00003 00000000 0
814 2 2 00000 00000000 0
815 1 3 00000 0000009E 0
816 1 3 00001 00000000 0
817 1 3 00002 00000000 0
818 1 3 00003 00000000 0
819 3 2 00000 00000000 0
820 2 3 00000 0000009F 0
821 2 3 00001 00000000 0
822 2 3 00002 00000000 0
823 2 3 00003 00000000 0
824 0 2 00000 00000000 0
825 3 3 00000 000000A0 0
826 3 3 00001 00000000 0
827 3 3 00002 00000000 0
828 3 3 00003 00000000 0
829 1 2 00000 00000000 0
830 0 3 00000 000000A1 0
831 0 3 00001 00000000 0
832 0 3 00002 00000000 0
833 0 3 00003 00000000 0
834 2 2 00000 00000000 0
835 1 3 00000 000000A2 0
836 1 3 00001 00000000 0
837 1 3 00002 00000000 0
838 1 3 00003 00000000 0
839 3 2 00000 00000000 0
840 2 3 00000 000000A3 0
841 2 3 00001 00000000 0
842 2 3 00002 00000000 0
843 2 3 00003 00000000 0
844 0 2 00000 00000000 0
845 3 3 00000 000000A4 0
846 3 3 00001 00000000 0
847 3 3 00002 00000000 0
848 3 3 00003 00000000 0
849 1 2 00000 00000000 0
850 0 3 00000 000000A5 0
851 0 3 00001 00000000 0
852 0 3 00002 00000000 0
853 0 3 00003 00000000 0
854 2 2 00000 00000000 0
855 1 3 00000 000000A6 0
856 1 3 00001 00000000 0
857 1 3 00002 00000000 0
858 1 3 00003 00000000 0
859 3 2 00000 00000000 0
860 2 3 00000 000000A7 0
861 2 3 00001 00000000 0
862 2 3 00002 00000000 0
863 2 3 00003 00000000 0
864 0 2 00000 00000000 0
865 3 3 00000 000000A8 0
866 3 3 00001 00000000 0
867 3 3 00002 00000000 0
868 3 3 00003 00000000 0
869 1 2 00000 00000000 0
870 0 3 00000 000000A9 0
871 0 3 00001 00000000 0
872 0 3 00002 00000000 0
873 0 3 00003 00000000 0
874 2 2 00000 00000000 0
875 1 3 00000 000000AA 0
876 1 3 00001 00000000 0
877 1 3 00002 00000000 0
878 1 3 00003 00000000 0
879 3 2 00000 00000000 0
880 2 3 00000 000000AB 0
881 2 3 00001 00000000 0
882 2 3 00002 00000000 0
883 2 3 00003 00000000 0
884 0 2 00000 00000000 0
885 3 3 00000 000000AC 0
886 3 3 00001 00000000 0
887 3 3 00002 00000000 0
888 3 3 00003 00000000 0
889 1 2 00000 00000000 0
890 0 3 00000 000000AD 0
891 0 3 00001 00000000 0
892 0 3 00002 00000000 0
893 0 3 00003 00000000 0
894 2 2 00000 00000000 0
895 1 3 00000 000000AE 0
896 1 3 00001 00000000 0
897 1 3 00002 00000000 0
898 1 3 00003 00000000 0
899 3 2 00000 00000000 0
900 2 3 00000 000000AF 0
901 2 3 00001 00000000 0
902 2 3 00002 00000000 0
903 2 3 00003 00000000 0
904 0 2 00000 00000000 0
905 3 3 00000 000000B0 0
906 3 3 00001 00000000 0
907 3 3 00002 00000000 0
908 3 3 00003 00000000 0
909 1 2 00000 00000000 0
910 0 3 00000 000000B1 0
911 0 3 00001 00000000 0
912 0 3 00002 00000000 0
913 0 3 00003 00000000 0
914 2 2 00000 00000000 0
915 1 3 00000 000000B2 0
916 1 3 00001 00000000 0
917 1 3 00002 00000000 0
918 1 3 00003 00000000 0
919 3 2 00000 00000000 0
920 2 3 00000 000000B3 0
921 2 3 00001 00000000 0
922 2 3 00002 00000000 0
923 2 3 00003 00000000 0
924 0 2 00000 00000000 0
925 3 3 00000 000000B4 0
926 3 3 00001 00000000 0
927 3 3 00002 00000000 0
928 3 3 00003 00000000 0
929 1 2 00000 00000000 0
930 0 3 00000 000000B5 0
931 0 3 00001 00000000 0
932 0 3 00002 00000000 0
933 0 3 00003 00000000 0
934 2 2 00000 00000000 0
935 1 3 00000 000000B6 0
936 1 3 00001 00000000 0
937 1 3 00002 00000000 0
938 1 3 00003 00000000 0
939 3 2 00000 00000000 0
940 2 3 00000 000000B7 0
941 2 3 00001 00000000 0
942 2 3 00002 00000000 0
943 2 3 00003 00000000 0
944 0 2 00000 00000000 0
945 3 3 00000 000000B8 0
946 3 3 00001 00000000 0
947 3 3 00002 00000000 0
948 3 3 00003 00000000 0
949 1 2 00000 00000000 0
950 0 3 00000 000000B9 0
951 0 3 00001 00000000 0
952 0 3 00002 00000000 0
953 0 3 00003 00000000 0
954 2 2 00000 00000000 0
955 1 3 00000 000000BA 0
956 1 3 00001 00000000 0
957 1 3 00002 00000000 0
958 1 3 00003 00000000 0
959 3 2 00000 00000000 0
960 2 3 00000 000000BB 0
961 2 3 00001 00000000 0
962 2 3 00002 00000000 0
963 2 3 00003 00000000 0
964 0 2 00000 00000000 0
965 3 3 00000 000000BC 0
966 3 3 00001 00000000 0
967 3 3 00002 00000000 0
968 3 3 00003 00000000 0
969 1 2 00000 00000000 0
970 0 3 00000 000000BD 0
971 0 3 00001 00000000 0
972 0 3 00002 00000000 0
973 0 3 00003 00000000 0
974 2 2 00000 00000000 0
975 1 3 00000 000000BE 0
976 1 3 00001 00000000 0
977 1 3 00002 00000000 0
978 1 3 00003 00000000 0
979 3 2 00000 00000000 0
980 2 3 00000 000000BF 0
981 2 3 00001 00000000 0
982 2 3 00002 00000000 0
983 2 3 00003 00000000 0
984 0 2 00000 00000000 0
985 3 3 00000 000000C0 0
986 3 3 00001 00000000 0
987 3 3 00002 00000000 0
988 3 3 00003 00000000 0
989 1 2 00000 00000000 0
990 0 3 00000 000000C1 0
991 0 3 00001 00000000 0
992 0 3 00002 00000000 0
993 0 3 00003 00000000 0
994 2 2 00000 00000000 0
995 1 3 00000 000000C2 0
996 1 3 00001 00000000 0
997 1 3 00002 00000000 0
998 1 3 00003 00000000 0
999 3 2 00000 00000000 0
1000 2 3 00000 000000C3 0
1001 2 3 00001 00000000 0
1002 2 3 00002 00000000 0
1003 2 3 00003 00000000 0
1004 0 2 00000 00000000 0
1005 3 3 00000 000000C4 0
1006 3 3 00001 00000000 0
1007 3 3 00002 00000000 0
1008 3 3 00003 00000000 0
1009 1 2 00000 00000000 0
1010 0 3 00000 000000C5 0
1011 0 3 00001 00000000 0
1012 0 3 00002 00000000 0
1013 0 3 00003 00000000 0
1014 2 2 00000 00000000 0
1015 1 3 00000 000000C6 0
1016 1 3 00001 00000000 0
1017 1 3 00002 00000000 0
1018 1 3 00003 00000000 0
1019 3 2 00000 00000000 0
1020 2 3 00000 000000C7 0
1021 2 3 00001 00000000 0
1022 2 3 00002 00000000 0
1023 2 3 00003 00000000 0
1024 0 2 00000 00000000 0
1025 3 3 00000 000000C8 0
1026 3 3 00001 00000000 0
1027 3 3 00002 00000000 0
1028 3 3 00003 00000000 0
1029 1 2 00000 00000000 0
1030 0 3 00000 000000C9 0
1031 0 3 00001 00000000 0
1032 0 3 00002 00000000 0
1033 0 3 00003 00000000 0
1034 2 2 00000 00000000 0
1035 1 3 00000 000000CA 0
1036 1 3 00001 00000000 0
1037 1 3 00002 00000000 0
1038 1 3 00003 00000000 0
1039 3 2 00000 00000000 0
1040 2 3 00000 000000CB 0
1041 2 3 00001 00000000 0
1042 2 3 00002 00000000 0
1043 2 3 00003 00000000 0
1044 0 2 00000 00000000 0
1045 3 3 00000 000000CC 0
1046 3 3 00001 00000000 0
1047 3 3 00002 00000000 0
1048 3 3 00003 00000000 0
1049 1 2 00000 00000000 0
1050 0 3 00000 000000CD 0
1051 0 3 00001 00000000 0
1052 0 3 00002 00000000 0
1053 0 3 00003 00000000 0
1054 2 2 00000 00000000 0
1055 1 3 00000 000000CE 0
1056 1 3 00001 00000000 0
1057 1 3 00002 00000000 0
1058 1 3 00003 00000000 0
1059 3 2 00000 00000000 0
1060 2 3 00000 000000CF 0
1061 2 3 00001 00000000 0
1062 2 3 00002 00000000 0
1063 2 3 00003 00000000 0
1064 0 2 00000 00000000 0
1065 3 3 00000 000000D0 0
1066 3 3 00001 00000000 0
1067 3 3 00002 00000000 0
1068 3 3 00003 00000000 0
1069 1 2 00000 00000000 0
1070 0 3 00000 000000D1 0
1071 0 3 00001 00000000 0
1072 0 3 00002 00000000 0
1073 0 3 00003 00000000 0
1074 2 2 00000 00000000 0
1075 1 3 00000 000000D2 0
1076 1 3 00001 00000000 0
1077 1 3 00002 00000000 0
1078 1 3 00003 00000000 0
1079 3 2 00000 00000000 0
1080 2 3 00000 000000D3 0
1081 2 3 00001 00000000 0
1082 2 3 00002 00000000 0
1083 2 3 00003 00000000 0
1084 0 2 00000 00000000 0
1085 3 3 00000 000000D4 0
1086 3 3 00001 00000000 0
1087 3 3 00002 00000000 0
1088 3 3 00003 00000000 0
1089 1 2 00000 00000000 0
1090 0 3 00000 000000D5 0
1091 0 3 00001 00000000 0
1092 0 3 00002 00000000 0
1093 0 3 00003 00000000 0
1094 2 2 00000 00000000 0
1095 1 3 00000 000000D6 0
1096 1 3 00001 00000000 0
1097 1 3 00002 00000000 0
1098 1 3 00003 00000000 0
1099 3 2 00000 00000000 0
1100 2 3 00000 000000D7 0
1101 2 3 00001 00000000 0
1102 2 3 00002 00000000 0
1103 2 3 00003 00000000 0
1104 0 2 00000 00000000 0
1105 3 3 00000 000000D8 0
1106 3 3 00001 00000000 0
1107 3 3 00002 00000000 0
1108 3 3 00003 00000000 0
1109 1 2 00000 00000000 0
1110 0 3 00000 000000D9 0
1111 0 3 00001 00000000 0
1112 0 3 00002 00000000 0
1113 0 3 00003 00000000 0
1114 2 2 00000 00000000 0
1115 1 3 00000 000000DA 0
1116 1 3 00001 00000000 0
1117 1 3 00002 00000000 0
1118 1 3 00003 00000000 0
1119 3 2 00000 00000000 0
1120 2 3 00000 000000DB 0
1121 2 3 00001 00000000 0
1122 2 3 00002 00000000 0
1123 2 3 00003 00000000 0
1124 0 2 00000 00000000 0
1125 3 3 00000 000000DC 0
1126 3 3 00001 00000000 0
1127 3 3 00002 00000000 0
1128 3 3 00003 00000000 0
1129 1 2 00000 00000000 0
1130 0 3 00000 000000DD 0
1131 0 3 00001 00000000 0
1132 0 3 00002 00000000 0
1133 0 3 00003 00000000 0
1134 2 2 00000 00000000 0
1135 1 3 00000 000000DE 0
1136 1 3 00001 00000000 0
1137 1 3 00002 00000000 0
1138 1 3 00003 00000000 0
1139 3 2 00000 00000000 0
1140 2 3 00000 000000DF 0
1141 2 3 00001 00000000 0
1142 2 3 00002 00000000 0
1143 2 3 00003 00000000 0
1144 0 2 00000 00000000 0
1145 3 3 00000 000000E0 0
1146 3 3 00001 00000000 0
1147 3 3 00002 00000000 0
1148 3 3 00003 00000000 0
1149 1 2 00000 00000000 0
1150 0 3 00000 000000E1 0
1151 0 3 00001 00000000 0
1152 0 3 00002 00000000 0
1153 0 3 00003 00000000 0
1154 2 2 00000 00000000 0
1155 1 3 00000 000000E2 0
1156 1 3 00001 00000000 0
1157 1 3 00002 00000000 0
1158 1 3 00003 00000000 0
1159 3 2 00000 00000000 0
1160 2 3 00000 000000E3 0
1161 2 3 00001 00000000 0
1162 2 3 00002 00000000 0
1163 2 3 00003 00000000 0
1164 0 2 00000 00000000 0
1165 3 3 00000 000000E4 0
1166 3 3 00001 00000000 0
1167 3 3 00002 00000000 0
1168 3 3 00003 00000000 0
1169 1 2 00000 00000000 0
1170 0 3 00000 000000E5 0
1171 0 3 00001 00000000 0
1172 0 3 00002 00000000 0
1173 0 3 00003 00000000 0
1174 2 2 00000 00000000 0
1175 1 3 00000 000000E6 0
1176 1 3 00001 00000000 0
1177 1 3 00002 00000000 0
1178 1 3 00003 00000000 0
1179 3 2 00000 00000000 0
1180 2 3 00000 000000E7 0
1181 2 3 00001 00000000 0
1182 2 3 00002 00000000 0
1183 2 3 00003 00000000 0
1184 0 2 00000 00000000 0
1185 3 3 00000 000000E8 0
1186 3 3 00001 00000000 0
1187 3 3 00002 00000000 0
1188 3 3 00003 00000000 0
1189 1 2 00000 00000000 0
1190 0 3 00000 000000E9 0
1191 0 3 00001 00000000 0
1192 0 3 00002 00000000 0
1193 0 3 00003 00000000 0
1194 2 2 00000 00000000 0
1195 1 3 00000 000000EA 0
1196 1 3 00001 00000000 0
1197 1 3 00002 00000000 0
1198 1 3 00003 00000000 0
1199 3 2 00000 00000000 0
1200 2 3 00000 000000EB 0
1201 2 3 00001 00000000 0
1202 2 3 00002 00000000 0
1203 2 3 00003 00000000 0
1204 0 2 00000 00000000 0
1205 3 3 00000 000000EC 0
1206 3 3 00001 00000000 0
1207 3 3 00002 00000000 0
1208 3 3 00003 00000000 0
1209 1 2 00000 00000000 0
1210 0 3 00000 000000ED 0
1211 0 3 00001 00000000 0
1212 0 3 00002 00000000 0
1213 0 3 00003 00000000 0
1214 2 2 00000 00000000 0
1215 1 3 00000 000000EE 0
1216 1 3 00001 00000000 0
1217 1 3 00002 00000000 0
1218 1 3 00003 00000000 0
1219 3 2 00000 00000000 0
1220 2 3 00000 000000EF 0
1221 2 3 00001 00000000 0
1222 2 3 00002 00000000 0
1223 2 3 00003 00000000 0
1224 0 2 00000 00000000 0
1225 3 3 00000 000000F0 0
1226 3 3 00001 00000000 0
1227 3 3 00002 00000000 0
1228 3 3 00003 00000000 0
1229 1 2 00000 00000000 0
1230 0 3 00000 000000F1 0
1231 0 3 00001 00000000 0
1232 0 3 00002 00000000 0
1233 0 3 00003 00000000 0
1234 2 2 00000 00000000 0
1235 1 3 00000 000000F2 0
1236 1 3 00001 00000000 0
1237 1 3 00002 00000000 0
1238 1 3 00003 00000000 0
1239 3 2 00000 00000000 0
1240 2 3 00000 000000F3 0
1241 2 3 00001 00000000 0
1242 2 3 00002 00000000 0
1243 2 3 00003 00000000 0
1244 0 2 00000 00000000 0
1245 3 3 00000 000000F4 0
1246 3 3 00001 00000000 0
1247 3 3 00002 00000000 0
1248 3 3 00003 00000000 0
1249 1 2 00000 00000000 0
1250 0 3 00000 000000F5 0
1251 0 3 00001 00000000 0
1252 0 3 00002 00000000 0
1253 0 3 00003 00000000 0
1254 2 2 00000 00000000 0
1255 1 3 00000 000000F6 0
1256 1 3 00001 00000000 0
1257 1 3 00002 00000000 0
1258 1 3 00003 00000000 0
1259 3 2 00000 00000000 0
1260 2 3 00000 000000F7 0
1261 2 3 00001 00000000 0
1262 2 3 00002 00000000 0
1263 2 3 00003 00000000 0
1264 0 2 00000 00000000 0
1265 3 3 00000 000000F8 0
1266 3 3 00001 00000000 0
1267 3 3 00002 00000000 0
1268 3 3 00003 00000000 0
1269 1 2 00000 00000000 0
1270 0 3 00000 000000F9 0
1271 0 3 00001 00000000 0
1272 0 3 00002 00000000 0
1273 0 3 00003 00000000 0
1274 2 2 00000 00000000 0
1275 1 3 00000 000000FA 0
1276 1 3 00001 00000000 0
1277 1 3 00002 00000000 0
1278 1 3 00003 00000000 0
1279 3 2 00000 00000000 0
1280 2 3 00000 000000FB 0
1281 2 3 00001 00000000 0
1282 2 3 00002 00000000 0
1283 2 3 00003 00000000 0
1284 0 2 00000 00000000 0
1285 3 3 00000 000000FC 0
1286 3 3 00001 00000000 0
1287 3 3 00002 00000000 0
1288 3 3 00003 00000000 0
1289 1 2 00000 00000000 0
1290 0 3 00000 000000FD 0
1291 0 3 00001 00000000 0
1292 0 3 00002 00000000 0
1293 0 3 00003 00000000 0
1294 2 2 00000 00000000 0
1295 1 3 00000 000000FE 0
1296 1 3 00001 00000000 0
1297 1 3 00002 00000000 0
1298 1 3 00003 00000000 0
1299 3 2 00000 00000000 0
1300 2 3 00000 000000FF 0
1301 2 3 00001 00000000 0
1302 2 3 00002 00000000 0
1303 2 3 00003 00000000 0
1304 0 2 00000 00000000 0
1305 3 3 00000 00000100 0
1306 3 3 00001 00000000 0
1307 3 3 00002 00000000 0
1308 3 3 00003 00000000 0
1309 1 2 00000 00000000 0
1310 0 3 00000 00000101 0
1311 0 3 00001 00000000 0
1312 0 3 00002 00000000 0
1313 0 3 00003 00000000 0
1314 2 2 00000 00000000 0
1315 1 3 00000 00000102 0
1316 1 3 00001 00000000 0
1317 1 3 00002 00000000 0
1318 1 3 00003 00000000 0
1319 3 2 00000 00000000 0
1320 2 3 00000 00000103 0
1321 2 3 00001 00000000 0
1322 2 3 00002 00000000 0
1323 2 3 00003 00000000 0
1324 0 2 00000 00000000 0
1325 3 3 00000 00000104 0
1326 3 3 00001 00000000 0
1327 3 3 00002 00000000 0
1328 3 3 00003 00000000 0
1329 1 2 00000 00000000 0
1330 0 3 00000 00000105 0
1331 0 3 00001 00000000 0
1332 0 3 00002 00000000 0
1333 0 3 00003 00000000 0
1334 2 2 00000 00000000 0
1335 1 3 00000 00000106 0
1336 1 3 00001 00000000 0
1337 1 3 00002 00000000 0
1338 1 3 00003 00000000 0
1339 3 2 00000 00000000 0
1340 2 3 00000 00000107 0
1341 2 3 00001 00000000 0
1342 2 3 00002 00000000 0
1343 2 3 00003 00000000 0
1344 0 2 00000 00000000 0
1345 3 3 00000 00000108 0
1346 3 3 00001 00000000 0
1347 3 3 00002 00000000 0
1348 3 3 00003 00000000 0
1349 1 2 00000 00000000 0
1350 0 3 00000 00000109 0
1351 0 3 00001 00000000 0
1352 0 3 00002 00000000 0
1353 0 3 00003 00000000 0
1354 2 2 00000 00000000 0
1355 1 3 00000 0000010A 0
1356 1 3 00001 00000000 0
1357 1 3 00002 00000000 0
1358 1 3 00003 00000000 0
1359 3 2 00000 00000000 0
1360 2 3 00000 0000010B 0
1361 2 3 00001 00000000 0
1362 2 3 00002 00000000 0
1363 2 3 00003 00000000 0
1364 0 2 00000 00000000 0
1365 3 3 00000 0000010C 0
1366 3 3 00001 00000000 0
1367 3 3 00002 00000000 0
1368 3 3 00003 00000000 0
1369 1 2 00000 00000000 0
1370 0 3 00000 0000010D 0
1371 0 3 00001 00000000 0
1372 0 3 00002 00000000 0
1373 0 3 00003 00000000 0
1374 2 2 00000 00000000 0
1375 1 3 00000 0000010E 0
1376 1 3 00001 00000000 0
1377 1 3 00002 00000000 0
1378 1 3 00003 00000000 0
1379 3 2 00000 00000000 0
1380 2 3 00000 0000010F 0
1381 2 3 00001 00000000 0
1382 2 3 00002 00000000 0
1383 2 3 00003 00000000 0
1384 0 2 00000 00000000 0
1385 3 3 00000 00000110 0
1386 3 3 00001 00000000 0
1387 3 3 00002 00000000 0
1388 3 3 00003 00000000 0
1389 1 2 00000 00000000 0
1390 0 3 00000 00000111 0
1391 0 3 00001 00000000 0
1392 0 3 00002 00000000 0
1393 0 3 00003 00000000 0
1394 2 2 00000 00000000 0
1395 1 3 00000 00000112 0
1396 1 3 00001 00000000 0
1397 1 3 00002 00000000 0
1398 1 3 00003 00000000 0
1399 3 2 00000 00000000 0
1400 2 3 00000 00000113 0
1401 2 3 00001 00000000 0
1402 2 3 00002 00000000 0
1403 2 3 00003 00000000 0
1404 0 2 00000 00000000 0
1405 3 3 00000 00000114 0
1406 3 3 00001 00000000 0
1407 3 3 00002 00000000 0
1408 3 3 00003 00000000 0
1409 1 2 00000 00000000 0
1410 0 3 00000 00000115 0
1411 0 3 00001 00000000 0
1412 0 3 00002 00000000 0
1413 0 3 00003 00000000 0
1414 2 2 00000 00000000 0
1415 1 3 00000 00000116 0
1416 1 3 00001 00000000 0
1417 1 3 00002 00000000 0
1418 1 3 00003 00000000 0
1419 3 2 00000 00000000 0
1420 2 3 00000 00000117 0
1421 2 3 00001 00000000 0
1422 2 3 00002 00000000 0
1423 2 3 00003 00000000 0
1424 0 2 00000 00000000 0
1425 3 3 00000 00000118 0
1426 3 3 00001 00000000 0
1427 3 3 00002 00000000 0
1428 3 3 00003 00000000 0
1429 1 2 00000 00000000 0
1430 0 3 00000 00000119 0
1431 0 3 00001 00000000 0
1432 0 3 00002 00000000 0
1433 0 3 00003 00000000 0
1434 2 2 00000 00000000 0
1435 1 3 00000 0000011A 0
1436 1 3 00001 00000000 0
1437 1 3 00002 00000000 0
1438 1 3 00003 00000000 0
1439 3 2 00000 00000000 0
1440 2 3 00000 0000011B 0
1441 2 3 00001 00000000 0
1442 2 3 00002 00000000 0
1443 2 3 00003 00000000 0
1444 0 2 00000 00000000 0
1445 3 3 00000 0000011C 0
1446 3 3 00001 00000000 0
1447 3 3 00002 00000000 0
1448 3 3 00003 00000000 0
1449 1 2 00000 00000000 0
1450 0 3 00000 0000011D 0
1451 0 3 00001 00000000 0
1452 0 3 00002 00000000 0
1453 0 3 00003 00000000 0
1454 2 2 00000 00000000 0
1455 1 3 00000 0000011E 0
1456 1 3 00001 00000000 0
1457 1 3 00002 00000000 0
1458 1 3 00003 00000000 0
1459 3 2 00000 00000000 0
1460 2 3 00000 0000011F 0
1461 2 3 00001 00000000 0
1462 2 3 00002 00000000 0
1463 2 3 00003 00000000 0
1464 0 2 00000 00000000 0
1465 3 3 00000 00000120 0
1466 3 3 00001 00000000 0
1467 3 3 00002 00000000 0
1468 3 3 00003 00000000 0
1469 1 2 00000 00000000 0
1470 0 3 00000 00000121 0
1471 0 3 00001 00000000 0
1472 0 3 00002 00000000 0
1473 0 3 00003 00000000 0
1474 2 2 00000 00000000 0
1475 1 3 00000 00000122 0
1476 1 3 00001 00000000 0
1477 1 3 00002 00000000 0
1478 1 3 00003 00000000 0
1479 3 2 00000 00000000 0
1480 2 3 00000 00000123 0
1481 2 3 00001 00000000 0
1482 2 3 00002 00000000 0
1483 2 3 00003 00000000 0
1484 0 2 00000 00000000 0
1485 3 3 00000 00000124 0
1486 3 3 00001 00000000 0
1487 3 3 00002 00000000 0
1488 3 3 00003 00000000 0
1489 1 2 00000 00000000 0
1490 0 3 00000 00000125 0
1491 0 3 00001 00000000 0
1492 0 3 00002 00000000 0
1493 0 3 00003 00000000 0
1494 2 2 00000 00000000 0
1495 1 3 00000 00000126 0
1496 1 3 00001 00000000 0
1497 1 3 00002 00000000 0
1498 1 3 00003 00000000 0
1499 3 2 00000 00000000 0
1500 2 3 00000 00000127 0
1501 2 3 00001 00000000 0
1502 2 3 00002 00000000 0
1503 2 3 00003 00000000 0
1504 0 2 00000 00000000 0
1505 3 3 00000 00000128 0
1506 3 3 00001 00000000 0
1507 3 3 00002 00000000 0
1508 3 3 00003 00000000 0
1509 1 2 00000 00000000 0
1510 0 3 00000 00000129 0
1511 0 3 00001 00000000 0
1512 0 3 00002 00000000 0
1513 0 3 00003 00000000 0
1514 2 2 00000 00000000 0
1515 1 3 00000 0000012A 0
1516 1 3 00001 00000000 0
1517 1 3 00002 00000000 0
1518 1 3 00003 00000000 0
1519 3 2 00000 00000000 0
1520 2 3 00000 0000012B 0
1521 2 3 00001 00000000 0
1522 2 3 00002 00000000 0
1523 2 3 00003 00000000 0
1524 0 2 00000 00000000 0
1525 3 3 00000 0000012C 0
1526 3 3 00001 00000000 0
1527 3 3 00002 00000000 0
1528 3 3 00003 00000000 0
1529 1 2 00000 00000000 0
1530 0 3 00000 0000012D 0
1531 0 3 00001 00000000 0
1532 0 3 00002 00000000 0
1533 0 3 00003 00000000 0
1534 2 2 00000 00000000 0
1535 1 3 00000 0000012E 0
1536 1 3 00001 00000000 0
1537 1 3 00002 00000000 0
1538 1 3 00003 00000000 0
1539 3 2 00000 00000000 0
1540 2 3 00000 0000012F 0
1541 2 3 00001 00000000 0
1542 2 3 00002 00000000 0
1543 2 3 00003 00000000 0
1544 0 2 00000 00000000 0
1545 3 3 00000 00000130 0
1546 3 3 00001 00000000 0
1547 3 3 00002 00000000 0
1548 3 3 00003 00000000 0
1549 1 2 00000 00000000 0
1550 0 3 00000 00000131 0
1551 0 3 00001 00000000 0
1552 0 3 00002 00000000 0
1553 0 3 00003 00000000 0
1554 2 2 00000 00000000 0
1555 1 3 00000 00000132 0
1556 1 3 00001 00000000 0
1557 1 3 00002 00000000 0
1558 1 3 00003 00000000 0
1559 3 2 00000 00000000 0
1560 2 3 00000 00000133 0
1561 2 3 00001 00000000 0
1562 2 3 00002 00000000 0
1563 2 3 00003 00000000 0
1564 0 2 00000 00000000 0
1565 3 3 00000 00000134 0
1566 3 3 00001 00000000 0
1567 3 3 00002 00000000 0
1568 3 3 00003 00000000 0
1569 1 2 00000 00000000 0
1570 0 3 00000 00000135 0
1571 0 3 00001 00000000 0
1572 0 3 00002 00000000 0
1573 0 3 00003 00000000 0
1574 2 2 00000 00000000 0
1575 1 3 00000 00000136 0
1576 1 3 00001 00000000 0
1577 1 3 00002 00000000 0
1578 1 3 00003 00000000 0
1579 3 2 00000 00000000 0
1580 2 3 00000 00000137 0
1581 2 3 00001 00000000 0
1582 2 3 00002 00000000 0
1583 2 3 00003 00000000 0
1584 0 2 00000 00000000 0
1585 3 3 00000 00000138 0
1586 3 3 00001 00000000 0
1587 3 3 00002 00000000 0
1588 3 3 00003 00000000 0
1589 1 2 00000 00000000 0
1590 0 3 00000 00000139 0
1591 0 3 00001 00000000 0
1592 0 3 00002 00000000 0
1593 0 3 00003 00000000 0
1594 2 2 00000 00000000 0
1595 1 3 00000 0000013A 0
1596 1 3 00001 00000000 0
1597 1 3 00002 00000000 0
1598 1 3 00003 00000000 0
1599 3 2 00000 00000000 0
1600 2 3 00000 0000013B 0
1601 2 3 00001 00000000 0
1602 2 3 00002 00000000 0
1603 2 3 00003 00000000 0
1604 0 2 00000 00000000 0
1605 3 3 00000 0000013C 0
1606 3 3 00001 00000000 0
1607 3 3 00002 00000000 0
1608 3 3 00003 00000000 0
1609 1 2 00000 00000000 0
1610 0 3 00000 0000013D 0
1611 0 3 00001 00000000 0
1612 0 3 00002 00000000 0
1613 0 3 00003 00000000 0
1614 2 2 00000 00000000 0
1615 1 3 00000 0000013E 0
1616 1 3 00001 00000000 0
1617 1 3 00002 00000000 0
1618 1 3 00003 00000000 0
1619 3 2 00000 00000000 0
1620 2 3 00000 0000013F 0
1621 2 3 00001 00000000 0
1622 2 3 00002 00000000 0
1623 2 3 00003 00000000 0
1624 0 2 00000 00000000 0
1625 3 3 00000 00000140 0
1626 3 3 00001 00000000 0
1627 3 3 00002 00000000 0
1628 3 3 00003 00000000 0
1629 1 2 00000 00000000 0
1630 0 3 00000 00000141 0
1631 0 3 00001 00000000 0
1632 0 3 00002 00000000 0
1633 0 3 00003 00000000 0
1634 2 2 00000 00000000 0
1635 1 3 00000 00000142 0
1636 1 3 00001 00000000 0
1637 1 3 00002 00000000 0
1638 1 3 00003 00000000 0
1639 3 2 00000 00000000 0
1640 2 3 00000 00000143 0
1641 2 3 00001 00000000 0
1642 2 3 00002 00000000 0
1643 2 3 00003 00000000 0
1644 0 2 00000 00000000 0
1645 3 3 00000 00000144 0
1646 3 3 00001 00000000 0
1647 3 3 00002 00000000 0
1648 3 3 00003 00000000 0
1649 1 2 00000 00000000 0
1650 0 3 00000 00000145 0
1651 0 3 00001 00000000 0
1652 0 3 00002 00000000 0
1653 0 3 00003 00000000 0
1654 2 2 00000 00000000 0
1655 1 3 00000 00000146 0
1656 1 3 00001 00000000 0
1657 1 3 00002 00000000 0
1658 1 3 00003 00000000 0
1659 3 2 00000 00000000 0
1660 2 3 00000 00000147 0
1661 2 3 00001 00000000 0
1662 2 3 00002 00000000 0
1663 2 3 00003 00000000 0
1664 0 2 00000 00000000 0
1665 3 3 00000 00000148 0
1666 3 3 00001 00000000 0
1667 3 3 00002 00000000 0
1668 3 3 00003 00000000 0
1669 1 2 00000 00000000 0
1670 0 3 00000 00000149 0
1671 0 3 00001 00000000 0
1672 0 3 00002 00000000 0
1673 0 3 00003 00000000 0
1674 2 2 00000 00000000 0
1675 1 3 00000 0000014A 0
1676 1 3 00001 00000000 0
1677 1 3 00002 00000000 0
1678 1 3 00003 00000000 0
1679 3 2 00000 00000000 0
1680 2 3 00000 0000014B 0
1681 2 3 00001 00000000 0
1682 2 3 00002 00000000 0
1683 2 3 00003 00000000 0
1684 0 2 00000 00000000 0
1685 3 3 00000 0000014C 0
1686 3 3 00001 00000000 0
1687 3 3 00002 00000000 0
1688 3 3 00003 00000000 0
1689 1 2 00000 00000000 0
1690 0 3 00000 0000014D 0
1691 0 3 00001 00000000 0
1692 0 3 00002 00000000 0
1693 0 3 00003 00000000 0
1694 2 2 00000 00000000 0
1695 1 3 00000 0000014E 0
1696 1 3 00001 00000000 0
1697 1 3 00002 00000000 0
1698 1 3 00003 00000000 0
1699 3 2 00000 00000000 0
1700 2 3 00000 0000014F 0
1701 2 3 00001 00000000 0
1702 2 3 00002 00000000 0
1703 2 3 00003 00000000 0
1704 0 2 00000 00000000 0
1705 3 3 00000 00000150 0
1706 3 3 00001 00000000 0
1707 3 3 00002 00000000 0
1708 3 3 00003 00000000 0
1709 1 2 00000 00000000 0
1710 0 3 00000 00000151 0
1711 0 3 00001 00000000 0
1712 0 3 00002 00000000 0
1713 0 3 00003 00000000 0
1714 2 2 00000 00000000 0
1715 1 3 00000 00000152 0
1716 1 3 00001 00000000 0
1717 1 3 00002 00000000 0
1718 1 3 00003 00000000 0
1719 3 2 00000 00000000 0
1720 2 3 00000 00000153 0
1721 2 3 00001 00000000 0
1722 2 3 00002 00000000 0
1723 2 3 00003 00000000 0
1724 0 2 00000 00000000 0
1725 3 3 00000 00000154 0
1726 3 3 00001 00000000 0
1727 3 3 00002 00000000 0
1728 3 3 00003 00000000 0
1729 1 2 00000 00000000 0
1730 0 3 00000 00000155 0
1731 0 3 00001 00000000 0
1732 0 3 00002 00000000 0
1733 0 3 00003 00000000 0
1734 2 2 00000 00000000 0
1735 1 3 00000 00000156 0
1736 1 3 00001 00000000 0
1737 1 3 00002 00000000 0
1738 1 3 00003 00000000 0
1739 3 2 00000 00000000 0
1740 2 3 00000 00000157 0
1741 2 3 00001 00000000 0
1742 2 3 00002 00000000 0
1743 2 3 00003 00000000 0
1744 0 2 00000 00000000 0
1745 3 3 00000 00000158 0
1746 3 3 00001 00000000 0
1747 3 3 00002 00000000 0
1748 3 3 00003 00000000 0
1749 1 2 00000 00000000 0
1750 0 3 00000 00000159 0
1751 0 3 00001 00000000 0
1752 0 3 00002 00000000 0
1753 0 3 00003 00000000 0
1754 2 2 00000 00000000 0
1755 1 3 00000 0000015A 0
1756 1 3 00001 00000000 0
1757 1 3 00002 00000000 0
1758 1 3 00003 00000000 0
1759 3 2 00000 00000000 0
1760 2 3 00000 0000015B 0
1761 2 3 00001 00000000 0
1762 2 3 00002 00000000 0
1763 2 3 00003 00000000 0
1764 0 2 00000 00000000 0
1765 3 3 00000 0000015C 0
1766 3 3 00001 00000000 0
1767 3 3 00002 00000000 0
1768 3 3 00003 00000000 0
1769 1 2 00000 00000000 0
1770 0 3 00000 0000015D 0
1771 0 3 00001 00000000 0
1772 0 3 00002 00000000 0
1773 0 3 00003 00000000 0
1774 2 2 00000 00000000 0
1775 1 3 00000 0000015E 0
1776 1 3 00001 00000000 0
1777 1 3 00002 00000000 0
1778 1 3 00003 00000000 0
1779 3 2 00000 00000000 0
1780 2 3 00000 0000015F 0
1781 2 3 00001 00000000 0
1782 2 3 00002 00000000 0
1783 2 3 00003 00000000 0
1784 0 2 00000 00000000 0
1785 3 3 00000 00000160 0
1786 3 3 00001 00000000 0
1787 3 3 00002 00000000 0
1788 3 3 00003 00000000 0
1789 1 2 00000 00000000 0
1790 0 3 00000 00000161 0
1791 0 3 00001 00000000 0
1792 0 3 00002 00000000 0
1793 0 3 00003 00000000 0
1794 2 2 00000 00000000 0
1795 1 3 00000 00000162 0
1796 1 3 00001 00000000 0
1797 1 3 00002 00000000 0
1798 1 3 00003 00000000 0
1799 3 2 00000 00000000 0
1800 2 3 00000 00000163 0
1801 2 3 00001 00000000 0
1802 2 3 00002 00000000 0
1803 2 3 00003 00000000 0
1804 0 2 00000 00000000 0
1805 3 3 00000 00000164 0
1806 3 3 00001 00000000 0
1807 3 3 00002 00000000 0
1808 3 3 00003 00000000 0
1809 1 2 00000 00000000 0
1810 0 3 00000 00000165 0
1811 0 3 00001 00000000 0
1812 0 3 00002 00000000 0
1813 0 3 00003 00000000 0
1814 2 2 00000 00000000 0
1815 1 3 00000 00000166 0
1816 1 3 00001 00000000 0
1817 1 3 00002 00000000 0
1818 1 3 00003 00000000 0
1819 3 2 00000 00000000 0
1820 2 3 00000 00000167 0
1821 2 3 00001 00000000 0
1822 2 3 00002 00000000 0
1823 2 3 00003 00000000 0
1824 0 2 00000 00000000 0
1825 3 3 00000 00000168 0
1826 3 3 00001 00000000 0
1827 3 3 00002 00000000 0
1828 3 3 00003 00000000 0
1829 1 2 00000 00000000 0
1830 0 3 00000 00000169 0
1831 0 3 00001 00000000 0
1832 0 3 00002 00000000 0
1833 0 3 00003 00000000 0
1834 2 2 00000 00000000 0
1835 1 3 00000 0000016A 0
1836 1 3 00001 00000000 0
1837 1 3 00002 00000000 0
1838 1 3 00003 00000000 0
1839 3 2 00000 00000000 0
1840 2 3 00000 0000016B 0
1841 2 3 00001 00000000 0
1842 2 3 00002 00000000 0
1843 2 3 00003 00000000 0
1844 0 2 00000 00000000 0
1845 3 3 00000 0000016C 0
1846 3 3 00001 00000000 0
1847 3 3 00002 00000000 0
1848 3 3 00003 00000000 0
1849 1 2 00000 00000000 0
1850 0 3 00000 0000016D 0
1851 0 3 00001 00000000 0
1852 0 3 00002 00000000 0
1853 0 3 00003 00000000 0
1854 2 2 00000 00000000 0
1855 1 3 00000 0000016E 0
1856 1 3 00001 00000000 0
1857 1 3 00002 00000000 0
1858 1 3 00003 00000000 0
1859 3 2 00000 00000000 0
1860 2 3 00000 0000016F 0
1861 2 3 00001 00000000 0
1862 2 3 00002 00000000 0
1863 2 3 00003 00000000 0
1864 0 2 00000 00000000 0
1865 3 3 00000 00000170 0
1866 3 3 00001 00000000 0
1867 3 3 00002 00000000 0
1868 3 3 00003 00000000 0
1869 1 2 00000 00000000 0
1870 0 3 00000 00000171 0
1871 0 3 00001 00000000 0
1872 0 3 00002 00000000 0
1873 0 3 00003 00000000 0
1874 2 2 00000 00000000 0
1875 1 3 00000 00000172 0
1876 1 3 00001 00000000 0
1877 1 3 00002 00000000 0
1878 1 3 00003 00000000 0
1879 3 2 00000 00000000 0
1880 2 3 00000 00000173 0
1881 2 3 00001 00000000 0
1882 2 3 00002 00000000 0
1883 2 3 00003 00000000 0
1884 0 2 00000 00000000 0
1885 3 3 00000 00000174 0
1886 3 3 00001 00000000 0
1887 3 3 00002 00000000 0
1888 3 3 00003 00000000 0
1889 1 2 00000 00000000 0
1890 0 3 00000 00000175 0
1891 0 3 00001 00000000 0
1892 0 3 00002 00000000 0
1893 0 3 00003 00000000 0
1894 2 2 00000 00000000 0
1895 1 3 00000 00000176 0
1896 1 3 00001 00000000 0
1897 1 3 00002 00000000 0
1898 1 3 00003 00000000 0
1899 3 2 00000 00000000 0
1900 2 3 00000 00000177 0
1901 2 3 00001 00000000 0
1902 2 3 00002 00000000 0
1903 2 3 00003 00000000 0
1904 0 2 00000 00000000 0
1905 3 3 00000 00000178 0
1906 3 3 00001 00000000 0
1907 3 3 00002 00000000 0
1908 3 3 00003 00000000 0
1909 1 2 00000 00000000 0
1910 0 3 00000 00000179 0
1911 0 3 00001 00000000 0
1912 0 3 00002 00000000 0
1913 0 3 00003 00000000 0
1914 2 2 00000 00000000 0
1915 1 3 00000 0000017A 0
1916 1 3 00001 00000000 0
1917 1 3 00002 00000000 0
1918 1 3 00003 00000000 0
1919 3 2 00000 00000000 0
1920 2 3 00000 0000017B 0
1921 2 3 00001 00000000 0
1922 2 3 00002 00000000 0
1923 2 3 00003 00000000 0
1924 0 2 00000 00000000 0
1925 3 3 00000 0000017C 0
1926 3 3 00001 00000000 0
1927 3 3 00002 00000000 0
1928 3 3 00003 00000000 0
1929 1 2 00000 00000000 0
1930 0 3 00000 0000017D 0
1931 0 3 00001 00000000 0
1932 0 3 00002 00000000 0
1933 0 3 00003 00000000 0
1934 2 2 00000 00000000 0
1935 1 3 00000 0000017E 0
1936 1 3 00001 00000000 0
1937 1 3 00002 00000000 0
1938 1 3 00003 00000000 0
1939 3 2 00000 00000000 0
1940 2 3 00000 0000017F 0
1941 2 3 00001 00000000 0
1942 2 3 00002 00000000 0
1943 2 3 00003 00000000 0
1944 0 2 00000 00000000 0
1945 3 3 00000 00000180 0
1946 3 3 00001 00000000 0
1947 3 3 00002 00000000 0
1948 3 3 00003 00000000 0
1949 1 2 00000 00000000 0
1950 0 3 00000 00000181 0
1951 0 3 00001 00000000 0
1952 0 3 00002 00000000 0
1953 0 3 00003 00000000 0
1954 2 2 00000 00000000 0
1955 1 3 00000 00000182 0
1956 1 3 00001 00000000 0
1957 1 3 00002 00000000 0
1958 1 3 00003 00000000 0
1959 3 2 00000 00000000 0
1960 2 3 00000 00000183 0
1961 2 3 00001 00000000 0
1962 2 3 00002 00000000 0
1963 2 3 00003 00000000 0
1964 0 2 00000 00000000 0
1965 3 3 00000 00000184 0
1966 3 3 00001 00000000 0
1967 3 3 00002 00000000 0
1968 3 3 00003 00000000 0
1969 1 2 00000 00000000 0
1970 0 3 00000 00000185 0
1971 0 3 00001 00000000 0
1972 0 3 00002 00000000 0
1973 0 3 00003 00000000 0
1974 2 2 00000 00000000 0
1975 1 3 00000 00000186 0
1976 1 3 00001 00000000 0
1977 1 3 00002 00000000 0
1978 1 3 00003 00000000 0
1979 3 2 00000 00000000 0
1980 2 3 00000 00000187 0
1981 2 3 00001 00000000 0
1982 2 3 00002 00000000 0
1983 2 3 00003 00000000 0
1984 0 2 00000 00000000 0
1985 3 3 00000 00000188 0
1986 3 3 00001 00000000 0
1987 3 3 00002 00000000 0
1988 3 3 00003 00000000 0
1989 1 2 00000 00000000 0
1990 0 3 00000 00000189 0
1991 0 3 00001 00000000 0
1992 0 3 00002 00000000 0
1993 0 3 00003 00000000 0
1994 2 2 00000 00000000 0
1995 1 3 00000 0000018A 0
1996 1 3 00001 00000000 0
1997 1 3 00002 00000000 0
1998 1 3 00003 00000000 0
1999 3 2 00000 00000000 0
2000 2 3 00000 0000018B 0
2001 2 3 00001 00000000 0
2002 2 3 00002 00000000 0
2003 2 3 00003 00000000 0
2004 0 2 00000 00000000 0
2005 3 3 00000 0000018C 0
2006 3 3 00001 00000000 0
2007 3 3 00002 00000000 0
2008 3 3 00003 00000000 0
2009 1 2 00000 00000000 0
2010 0 3 00000 0000018D 0
2011 0 3 00001 00000000 0
2012 0 3 00002 00000000 0
2013 0 3 00003 00000000 0
2014 2 2 00000 00000000 0
2015 1 3 00000 0000018E 0
2016 1 3 00001 00000000 0
2017 1 3 00002 00000000 0
2018 1 3 00003 00000000 0
2019 3 2 00000 00000000 0
2020 2 3 00000 0000018F 0
2021 2 3 00001 00000000 0
2022 2 3 00002 00000000 0
2023 2 3 00003 00000000 0
2024 0 2 00000 00000000 0
2025 3 3 00000 00000190 0
2026 3 3 00001 00000000 0
2027 3 3 00002 00000000 0
2028 3 3 00003 00000000 0
2029 1 2 00000 00000000 0
2030 0 3 00000 00000191 0
2031 0 3 00001 00000000 0
2032 0 3 00002 00000000 0
2033 0 3 00003 00000000 0
2034 2 2 00000 00000000 0
2035 1 3 00000 00000192 0
2036 1 3 00001 00000000 0
2037 1 3 00002 00000000 0
2038 1 3 00003 00000000 0
2039 3 2 00000 00000000 0
2040 2 3 00000 00000193 0
2041 2 3 00001 00000000 0
2042 2 3 00002 00000000 0
2043 2 3 00003 00000000 0
2044 0 2 00000 00000000 0
2045 3 3 00000 00000194 0
2046 3 3 00001 00000000 0
2047 3 3 00002 00000000 0
2048 3 3 00003 00000000 0
2049 1 2 00000 00000000 0
2050 0 3 00000 00000195 0
2051 0 3 00001 00000000 0
2052 0 3 00002 00000000 0
2053 0 3 00003 00000000 0
2054 2 2 00000 00000000 0
2055 1 3 00000 00000196 0
2056 1 3 00001 00000000 0
2057 1 3 00002 00000000 0
2058 1 3 00003 00000000 0
2059 3 2 00000 00000000 0
2060 2 3 00000 00000197 0
2061 2 3 00001 00000000 0
2062 2 3 00002 00000000 0
2063 2 3 00003 00000000 0
2064 0 2 00000 00000000 0
2065 3 3 00000 00000198 0
2066 3 3 00001 00000000 0
2067 3 3 00002 00000000 0
2068 3 3 00003 00000000 0
2069 1 2 00000 00000000 0
2070 0 3 00000 00000199 0
2071 0 3 00001 00000000 0
2072 0 3 00002 00000000 0
2073 0 3 00003 00000000 0
2074 2 2 00000 00000000 0
2075 1 3 00000 0000019A 0
2076 1 3 00001 00000000 0
2077 1 3 00002 00000000 0
2078 1 3 00003 00000000 0
2079 3 2 00000 00000000 0
2080 2 3 00000 0000019B 0
2081 2 3 00001 00000000 0
2082 2 3 00002 00000000 0
2083 2 3 00003 00000000 0
2084 0 2 00000 00000000 0
2085 3 3 00000 0000019C 0
2086 3 3 00001 00000000 0
2087 3 3 00002 00000000 0
2088 3 3 00003 00000000 0
2089 1 2 00000 00000000 0
2090 0 3 00000 0000019D 0
2091 0 3 00001 00000000 0
2092 0 3 00002 00000000 0
2093 0 3 00003 00000000 0
2094 2 2 00000 00000000 0
2095 1 3 00000 0000019E 0
2096 1 3 00001 00000000 0
2097 1 3 00002 00000000 0
2098 1 3 00003 00000000 0
2099 3 2 00000 00000000 0
2100 2 3 00000 0000019F 0
2101 2 3 00001 00000000 0
2102 2 3 00002 00000000 0
2103 2 3 00003 00000000 0
2104 0 2 00000 00000000 0
2105 3 3 00000 000001A0 0
2106 3 3 00001 00000000 0
2107 3 3 00002 00000000 0
2108 3 3 00003 00000000 0
2109 1 2 00000 00000000 0
2110 0 3 00000 000001A1 0
2111 0 3 00001 00000000 0
2112 0 3 00002 00000000 0
2113 0 3 00003 00000000 0
2114 2 2 00000 00000000 0
2115 1 3 00000 000001A2 0
2116 1 3 00001 00000000 0
2117 1 3 00002 00000000 0
2118 1 3 00003 00000000 0
2119 3 2 00000 00000000 0
2120 2 3 00000 000001A3 0
2121 2 3 00001 00000000 0
2122 2 3 00002 00000000 0
2123 2 3 00003 00000000 0
2124 0 2 00000 00000000 0
2125 3 3 00000 000001A4 0
2126 3 3 00001 00000000 0
2127 3 3 00002 00000000 0
2128 3 3 00003 00000000 0
2129 1 2 00000 00000000 0
2130 0 3 00000 000001A5 0
2131 0 3 00001 00000000 0
2132 0 3 00002 00000000 0
2133 0 3 00003 00000000 0
2134 2 2 00000 00000000 0
2135 1 3 00000 000001A6 0
2136 1 3 00001 00000000 0
2137 1 3 00002 00000000 0
2138 1 3 00003 00000000 0
2139 3 2 00000 00000000 0
2140 2 3 00000 000001A7 0
2141 2 3 00001 00000000 0
2142 2 3 00002 00000000 0
2143 2 3 00003 00000000 0
2144 0 2 00000 00000000 0
2145 3 3 00000 000001A8 0
2146 3 3 00001 00000000 0
2147 3 3 00002 00000000 0
2148 3 3 00003 00000000 0
2149 1 2 00000 00000000 0
2150 0 3 00000 000001A9 0
2151 0 3 00001 00000000 0
2152 0 3 00002 00000000 0
2153 0 3 00003 00000000 0
2154 2 2 00000 00000000 0
2155 1 3 00000 000001AA 0
2156 1 3 00001 00000000 0
2157 1 3 00002 00000000 0
2158 1 3 00003 00000000 0
2159 3 2 00000 00000000 0
2160 2 3 00000 000001AB 0
2161 2 3 00001 00000000 0
2162 2 3 00002 00000000 0
2163 2 3 00003 00000000 0
2164 0 2 00000 00000000 0
2165 3 3 00000 000001AC 0
2166 3 3 00001 00000000 0
2167 3 3 00002 00000000 0
2168 3 3 00003 00000000 0
2169 1 2 00000 00000000 0
2170 0 3 00000 000001AD 0
2171 0 3 00001 00000000 0
2172 0 3 00002 00000000 0
2173 0 3 00003 00000000 0
2174 2 2 00000 00000000 0
2175 1 3 00000 000001AE 0
2176 1 3 00001 00000000 0
2177 1 3 00002 00000000 0
2178 1 3 00003 00000000 0
2179 3 2 00000 00000000 0
2180 2 3 00000 000001AF 0
2181 2 3 00001 00000000 0
2182 2 3 00002 00000000 0
2183 2 3 00003 00000000 0
2184 0 2 00000 00000000 0
2185 3 3 00000 000001B0 0
2186 3 3 00001 00000000 0
2187 3 3 00002 00000000 0
2188 3 3 00003 00000000 0
2189 1 2 00000 00000000 0
2190 0 3 00000 000001B1 0
2191 0 3 00001 00000000 0
2192 0 3 00002 00000000 0
2193 0 3 00003 00000000 0
2194 2 2 00000 00000000 0
2195 1 3 00000 000001B2 0
2196 1 3 00001 00000000 0
2197 1 3 00002 00000000 0
2198 1 3 00003 00000000 0
2199 3 2 00000 00000000 0
2200 2 3 00000 000001B3 0
2201 2 3 00001 00000000 0
2202 2 3 00002 00000000 0
2203 2 3 00003 00000000 0
2204 0 2 00000 00000000 0
2205 3 3 00000 000001B4 0
2206 3 3 00001 00000000 0
2207 3 3 00002 00000000 0
2208 3 3 00003 00000000 0
2209 1 2 00000 00000000 0
2210 0 3 00000 000001B5 0
2211 0 3 00001 00000000 0
2212 0 3 00002 00000000 0
2213 0 3 00003 00000000 0
2214 2 2 00000 00000000 0
2215 1 3 00000 000001B6 0
2216 1 3 00001 00000000 0
2217 1 3 00002 00000000 0
2218 1 3 00003 00000000 0
2219 3 2 00000 00000000 0
2220 2 3 00000 000001B7 0
2221 2 3 00001 00000000 0
2222 2 3 00002 00000000 0
2223 2 3 00003 00000000 0
2224 0 2 00000 00000000 0
2225 3 3 00000 000001B8 0
2226 3 3 00001 00000000 0
2227 3 3 00002 00000000 0
2228 3 3 00003 00000000 0
2229 1 2 00000 00000000 0
2230 0 3 00000 000001B9 0
2231 0 3 00001 00000000 0
2232 0 3 00002 00000000 0
2233 0 3 00003 00000000 0
2234 2 2 00000 00000000 0
2235 1 3 00000 000001BA 0
2236 1 3 00001 00000000 0
2237 1 3 00002 00000000 0
2238 1 3 00003 00000000 0
2239 3 2 00000 00000000 0
2240 2 3 00000 000001BB 0
2241 2 3 00001 00000000 0
2242 2 3 00002 00000000 0
2243 2 3 00003 00000000 0
2244 0 2 00000 00000000 0
2245 3 3 00000 000001BC 0
2246 3 3 00001 00000000 0
2247 3 3 00002 00000000 0
2248 3 3 00003 00000000 0
2249 1 2 00000 00000000 0
2250 0 3 00000 000001BD 0
2251 0 3 00001 00000000 0
2252 0 3 00002 00000000 0
2253 0 3 00003 00000000 0
2254 2 2 00000 00000000 0
2255 1 3 00000 000001BE 0
2256 1 3 00001 00000000 0
2257 1 3 00002 00000000 0
2258 1 3 00003 00000000 0
2259 3 2 00000 00000000 0
2260 2 3 00000 000001BF 0
2261 2 3 00001 00000000 0
2262 2 3 00002 00000000 0
2263 2 3 00003 00000000 0
2264 0 2 00000 00000000 0
2265 3 3 00000 000001C0 0
2266 3 3 00001 00000000 0
2267 3 3 00002 00000000 0
2268 3 3 00003 00000000 0
2269 1 2 00000 00000000 0
2270 0 3 00000 000001C1 0
2271 0 3 00001 00000000 0
2272 0 3 00002 00000000 0
2273 0 3 00003 00000000 0
2274 2 2 00000 00000000 0
2275 1 3 00000 000001C2 0
2276 1 3 00001 00000000 0
2277 1 3 00002 00000000 0
2278 1 3 00003 00000000 0
2279 3 2 00000 00000000 0
2280 2 3 00000 000001C3 0
2281 2 3 00001 00000000 0
2282 2 3 00002 00000000 0
2283 2 3 00003 00000000 0
2284 0 2 00000 00000000 0
2285 3 3 00000 000001C4 0
2286 3 3 00001 00000000 0
2287 3 3 00002 00000000 0
2288 3 3 00003 00000000 0
2289 1 2 00000 00000000 0
2290 0 3 00000 000001C5 0
2291 0 3 00001 00000000 0
2292 0 3 00002 00000000 0
2293 0 3 00003 00000000 0
2294 2 2 00000 00000000 0
2295 1 3 00000 000001C6 0
2296 1 3 00001 00000000 0
2297 1 3 00002 00000000 0
2298 1 3 00003 00000000 0
2299 3 2 00000 00000000 0
2300 2 3 00000 000001C7 0
2301 2 3 00001 00000000 0
2302 2 3 00002 00000000 0
2303 2 3 00003 00000000 0
2304 0 2 00000 00000000 0
2305 3 3 00000 000001C8 0
2306 3 3 00001 00000000 0
2307 3 3 00002 00000000 0
2308 3 3 00003 00000000 0
2309 1 2 00000 00000000 0
2310 0 3 00000 000001C9 0
2311 0 3 00001 00000000 0
2312 0 3 00002 00000000 0
2313 0 3 00003 00000000 0
2314 2 2 00000 00000000 0
2315 1 3 00000 000001CA 0
2316 1 3 00001 00000000 0
2317 1 3 00002 00000000 0
2318 1 3 00003 00000000 0
2319 3 2 00000 00000000 0
2320 2 3 00000 000001CB 0
2321 2 3 00001 00000000 0
2322 2 3 00002 00000000 0
2323 2 3 00003 00000000 0
2324 0 2 00000 00000000 0
2325 3 3 00000 000001CC 0
2326 3 3 00001 00000000 0
2327 3 3 00002 00000000 0
2328 3 3 00003 00000000 0
2329 1 2 00000 00000000 0
2330 0 3 00000 000001CD 0
2331 0 3 00001 00000000 0
2332 0 3 00002 00000000 0
2333 0 3 00003 00000000 0
2334 2 2 00000 00000000 0
2335 1 3 00000 000001CE 0
2336 1 3 00001 00000000 0
2337 1 3 00002 00000000 0
2338 1 3 00003 00000000 0
2339 3 2 00000 00000000 0
2340 2 3 00000 000001CF 0
2341 2 3 00001 00000000 0
2342 2 3 00002 00000000 0
2343 2 3 00003 00000000 0
2344 0 2 00000 00000000 0
2345 3 3 00000 000001D0 0
2346 3 3 00001 00000000 0
2347 3 3 00002 00000000 0
2348 3 3 00003 00000000 0
2349 1 2 00000 00000000 0
2350 0 3 00000 000001D1 0
2351 0 3 00001 00000000 0
2352 0 3 00002 00000000 0
2353 0 3 00003 00000000 0
2354 2 2 00000 00000000 0
2355 1 3 00000 000001D2 0
2356 1 3 00001 00000000 0
2357 1 3 00002 00000000 0
2358 1 3 00003 00000000 0
2359 3 2 00000 00000000 0
2360 2 3 00000 000001D3 0
2361 2 3 00001 00000000 0
2362 2 3 00002 00000000 0
2363 2 3 00003 00000000 0
2364 0 2 00000 00000000 0
2365 3 3 00000 000001D4 0
2366 3 3 00001 00000000 0
2367 3 3 00002 00000000 0
2368 3 3 00003 00000000 0
2369 1 2 00000 00000000 0
2370 0 3 00000 000001D5 0
2371 0 3 00001 00000000 0
2372 0 3 00002 00000000 0
2373 0 3 00003 00000000 0
2374 2 2 00000 00000000 0
2375 1 3 00000 000001D6 0
2376 1 3 00001 00000000 0
2377 1 3 00002 00000000 0
2378 1 3 00003 00000000 0
2379 3 2 00000 00000000 0
2380 2 3 00000 000001D7 0
2381 2 3 00001 00000000 0
2382 2 3 00002 00000000 0
2383 2 3 00003 00000000 0
2384 0 2 00000 00000000 0
2385 3 3 00000 000001D8 0
2386 3 3 00001 00000000 0
2387 3 3 00002 00000000 0
2388 3 3 00003 00000000 0
2389 1 2 00000 00000000 0
2390 0 3 00000 000001D9 0
2391 0 3 00001 00000000 0
2392 0 3 00002 00000000 0
2393 0 3 00003 00000000 0
2394 2 2 00000 00000000 0
2395 1 3 00000 000001DA 0
2396 1 3 00001 00000000 0
2397 1 3 00002 00000000 0
2398 1 3 00003 00000000 0
2399 3 2 00000 00000000 0
2400 2 3 00000 000001DB 0
2401 2 3 00001 00000000 0
2402 2 3 00002 00000000 0
2403 2 3 00003 00000000 0
2404 0 2 00000 00000000 0
2405 3 3 00000 000001DC 0
2406 3 3 00001 00000000 0
2407 3 3 00002 00000000 0
2408 3 3 00003 00000000 0
2409 1 2 00000 00000000 0
2410 0 3 00000 000001DD 0
2411 0 3 00001 00000000 0
2412 0 3 00002 00000000 0
2413 0 3 00003 00000000 0
2414 2 2 00000 00000000 0
2415 1 3 00000 000001DE 0
2416 1 3 00001 00000000 0
2417 1 3 00002 00000000 0
2418 1 3 00003 00000000 0
2419 3 2 00000 00000000 0
2420 2 3 00000 000001DF 0
2421 2 3 00001 00000000 0
2422 2 3 00002 00000000 0
2423 2 3 00003 00000000 0
2424 0 2 00000 00000000 0
2425 3 3 00000 000001E0 0
2426 3 3 00001 00000000 0
2427 3 3 00002 00000000 0
2428 3 3 00003 00000000 0
2429 1 2 00000 00000000 0
2430 0 3 00000 000001E1 0
2431 0 3 00001 00000000 0
2432 0 3 00002 00000000 0
2433 0 3 00003 00000000 0
2434 2 2 00000 00000000 0
2435 1 3 00000 000001E2 0
2436 1 3 00001 00000000 0
2437 1 3 00002 00000000 0
2438 1 3 00003 00000000 0
2439 3 2 00000 00000000 0
2440 2 3 00000 000001E3 0
2441 2 3 00001 00000000 0
2442 2 3 00002 00000000 0
2443 2 3 00003 00000000 0
2444 0 2 00000 00000000 0
2445 3 3 00000 000001E4 0
2446 3 3 00001 00000000 0
2447 3 3 00002 00000000 0
2448 3 3 00003 00000000 0
2449 1 2 00000 00000000 0
2450 0 3 00000 000001E5 0
2451 0 3 00001 00000000 0
2452 0 3 00002 00000000 0
2453 0 3 00003 00000000 0
2454 2 2 00000 00000000 0
2455 1 3 00000 000001E6 0
2456 1 3 00001 00000000 0
2457 1 3 00002 00000000 0
2458 1 3 00003 00000000 0
2459 3 2 00000 00000000 0
2460 2 3 00000 000001E7 0
2461 2 3 00001 00000000 0
2462 2 3 00002 00000000 0
2463 2 3 00003 00000000 0
2464 0 2 00000 00000000 0
2465 3 3 00000 000001E8 0
2466 3 3 00001 00000000 0
2467 3 3 00002 00000000 0
2468 3 3 00003 00000000 0
2469 1 2 00000 00000000 0
2470 0 3 00000 000001E9 0
2471 0 3 00001 00000000 0
2472 0 3 00002 00000000 0
2473 0 3 00003 00000000 0
2474 2 2 00000 00000000 0
2475 1 3 00000 000001EA 0
2476 1 3 00001 00000000 0
2477 1 3 00002 00000000 0
2478 1 3 00003 00000000 0
2479 3 2 00000 00000000 0
2480 2 3 00000 000001EB 0
2481 2 3 00001 00000000 0
2482 2 3 00002 00000000 0
2483 2 3 00003 00000000 0
2484 0 2 00000 00000000 0
2485 3 3 00000 000001EC 0
2486 3 3 00001 00000000 0
2487 3 3 00002 00000000 0
2488 3 3 00003 00000000 0
2489 1 2 00000 00000000 0
2490 0 3 00000 000001ED 0
2491 0 3 00001 00000000 0
2492 0 3 00002 00000000 0
2493 0 3 00003 00000000 0
2494 2 2 00000 00000000 0
2495 1 3 00000 000001EE 0
2496 1 3 00001 00000000 0
2497 1 3 00002 00000000 0
2498 1 3 00003 00000000 0
2499 3 2 00000 00000000 0
2500 2 3 00000 000001EF 0
2501 2 3 00001 00000000 0
2502 2 3 00002 00000000 0
2503 2 3 00003 00000000 0
2504 0 2 00000 00000000 0
2505 3 3 00000 000001F0 0
2506 3 3 00001 00000000 0
2507 3 3 00002 00000000 0
2508 3 3 00003 00000000 0
2509 1 2 00000 00000000 0
2510 0 3 00000 000001F1 0
2511 0 3 00001 00000000 0
2512 0 3 00002 00000000 0
2513 0 3 00003 00000000 0
2514 2 2 00000 00000000 0
2515 1 3 00000 000001F2 0
2516 1 3 00001 00000000 0
2517 1 3 00002 00000000 0
2518 1 3 00003 00000000 0
2519 3 2 00000 00000000 0
2520 2 3 00000 000001F3 0
2521 2 3 00001 00000000 0
2522 2 3 00002 00000000 0
2523 2 3 00003 00000000 0
2524 0 2 00000 00000000 0
2525 3 3 00000 000001F4 0
2526 3 3 00001 00000000 0
2527 3 3 00002 00000000 0
2528 3 3 00003 00000000 0
2529 1 2 00000 00000000 0
2530 0 3 00000 000001F5 0
2531 0 3 00001 00000000 0
2532 0 3 00002 00000000 0
2533 0 3 00003 00000000 0
2534 2 2 00000 00000000 0
2535 1 3 00000 000001F6 0
2536 1 3 00001 00000000 0
2537 1 3 00002 00000000 0
2538 1 3 00003 00000000 0
2539 3 2 00000 00000000 0
2540 2 3 00000 000001F7 0
2541 2 3 00001 00000000 0
2542 2 3 00002 00000000 0
2543 2 3 00003 00000000 0
2544 0 2 00000 00000000 0
2545 3 3 00000 000001F8 0
2546 3 3 00001 00000000 0
2547 3 3 00002 00000000 0
2548 3 3 00003 00000000 0
2549 1 2 00000 00000000 0
2550 0 3 00000 000001F9 0
2551 0 3 00001 00000000 0
2552 0 3 00002 00000000 0
2553 0 3 00003 00000000 0
2554 2 2 00000 00000000 0
2555 1 3 00000 000001FA 0
2556 1 3 00001 00000000 0
2557 1 3 00002 00000000 0
2558 1 3 00003 00000000 0
2559 3 2 00000 00000000 0
2560 2 3 00000 000001FB 0
2561 2 3 00001 00000000 0
2562 2 3 00002 00000000 0
2563 2 3 00003 00000000 0
2564 0 2 00000 00000000 0
2565 3 3 00000 000001FC 0
2566 3 3 00001 00000000 0
2567 3 3 00002 00000000 0
2568 3 3 00003 00000000 0
2569 1 2 00000 00000000 0
2570 0 3 00000 000001FD 0
2571 0 3 00001 00000000 0
2572 0 3 00002 00000000 0
2573 0 3 00003 00000000 0
2574 2 2 00000 00000000 0
2575 1 3 00000 000001FE 0
2576 1 3 00001 00000000 0
2577 1 3 00002 00000000 0
2578 1 3 00003 00000000 0
2579 3 2 00000 00000000 0
2580 2 3 00000 000001FF 0
2581 2 3 00001 00000000 0
2582 2 3 00002 00000000 0
2583 2 3 00003 00000000 0
2591 3 3 00000 00000200 0
2592 3 3 00001 00000000 0
2593 3 3 00002 00000000 0
2594 3 3 00003 00000000 0
2595 3 1 00100 00000000 0
2611 4 3 00100 00000000 0
2612 4 3 00101 00000000 0
2613 4 3 00102 00000000 0
2614 4 3 00103 00000000 0
